OBJECTID,FIREID,VALUE_1,VALUE_2,VALUE_3,VALUE_4,VALUE_5,VALUE_6,VALUE_7,VALUE_8
1,20121,0.000000000000000,153000.000000000000000,117900.000000000000000,0.000000000000000,0.000000000000000,1107900.000000000000000,0.000000000000000,0.000000000000000
2,20122,0.000000000000000,0.000000000000000,9219600.000000000000000,0.000000000000000,0.000000000000000,10800.000000000000000,0.000000000000000,900.000000000000000
3,20123,0.000000000000000,0.000000000000000,1095300.000000000000000,0.000000000000000,0.000000000000000,0.000000000000000,0.000000000000000,593100.000000000000000
4,20153,0.000000000000000,45157500.000000000000000,28461600.000000000000000,68400.000000000000000,114300.000000000000000,42358500.000000000000000,42300.000000000000000,486900.000000000000000
5,20184,277200.000000000000000,902700.000000000000000,258300.000000000000000,0.000000000000000,0.000000000000000,470700.000000000000000,0.000000000000000,0.000000000000000
6,20205,3243600.000000000000000,198900.000000000000000,0.000000000000000,13500.000000000000000,0.000000000000000,562500.000000000000000,0.000000000000000,0.000000000000000
7,20215,0.000000000000000,714600.000000000000000,306000.000000000000000,30600.000000000000000,27000.000000000000000,657000.000000000000000,0.000000000000000,0.000000000000000
8,20227,0.000000000000000,1951200.000000000000000,1653300.000000000000000,0.000000000000000,37800.000000000000000,148500.000000000000000,0.000000000000000,246600.000000000000000
9,20230,14400.000000000000000,9033300.000000000000000,4911300.000000000000000,0.000000000000000,200700.000000000000000,670500.000000000000000,50400.000000000000000,786600.000000000000000
10,20231,0.000000000000000,1916100.000000000000000,70200.000000000000000,0.000000000000000,32400.000000000000000,77400.000000000000000,0.000000000000000,0.000000000000000
11,20251,0.000000000000000,9372600.000000000000000,661500.000000000000000,15300.000000000000000,168300.000000000000000,520200.000000000000000,0.000000000000000,20700.000000000000000
12,20252,0.000000000000000,25254900.000000000000000,5006700.000000000000000,836100.000000000000000,3586500.000000000000000,2257200.000000000000000,245700.000000000000000,38700.000000000000000
13,20273,282600.000000000000000,231300.000000000000000,17100.000000000000000,0.000000000000000,0.000000000000000,1056600.000000000000000,900.000000000000000,0.000000000000000
14,20278,0.000000000000000,0.000000000000000,3506400.000000000000000,0.000000000000000,0.000000000000000,0.000000000000000,0.000000000000000,0.000000000000000
15,20283,1004400.000000000000000,40500.000000000000000,157500.000000000000000,18900.000000000000000,90000.000000000000000,2012400.000000000000000,900.000000000000000,0.000000000000000
16,20290,0.000000000000000,3787200.000000000000000,738900.000000000000000,0.000000000000000,3050100.000000000000000,3151800.000000000000000,0.000000000000000,5781600.000000000000000
17,20291,0.000000000000000,929700.000000000000000,0.000000000000000,0.000000000000000,119700.000000000000000,298800.000000000000000,0.000000000000000,0.000000000000000
18,20293,0.000000000000000,3649500.000000000000000,4059000.000000000000000,0.000000000000000,0.000000000000000,27900.000000000000000,0.000000000000000,0.000000000000000
19,20300,0.000000000000000,58500.000000000000000,3557700.000000000000000,5400.000000000000000,0.000000000000000,2151900.000000000000000,0.000000000000000,0.000000000000000
20,20301,1478700.000000000000000,286200.000000000000000,42300.000000000000000,57600.000000000000000,0.000000000000000,2135700.000000000000000,0.000000000000000,0.000000000000000
21,20302,919800.000000000000000,96004800.000000000000000,29191500.000000000000000,903600.000000000000000,2065500.000000000000000,198469800.000000000000000,3482100.000000000000000,75600.000000000000000
22,20303,0.000000000000000,0.000000000000000,301500.000000000000000,86400.000000000000000,7200.000000000000000,1859400.000000000000000,0.000000000000000,0.000000000000000
23,20304,0.000000000000000,0.000000000000000,6879600.000000000000000,900.000000000000000,0.000000000000000,0.000000000000000,900.000000000000000,127800.000000000000000
24,20322,0.000000000000000,0.000000000000000,4372200.000000000000000,0.000000000000000,0.000000000000000,5205600.000000000000000,2700.000000000000000,0.000000000000000
25,20331,45490500.000000000000000,40341600.000000000000000,30437100.000000000000000,568800.000000000000000,2618100.000000000000000,91555200.000000000000000,620100.000000000000000,14153400.000000000000000
26,20332,0.000000000000000,6300.000000000000000,2543400.000000000000000,0.000000000000000,2700.000000000000000,639000.000000000000000,17100.000000000000000,0.000000000000000
27,20333,0.000000000000000,0.000000000000000,6445800.000000000000000,0.000000000000000,86400.000000000000000,58500.000000000000000,900.000000000000000,108900.000000000000000
28,20335,28457100.000000000000000,13690800.000000000000000,27682200.000000000000000,540000.000000000000000,6847200.000000000000000,69139800.000000000000000,363600.000000000000000,1782900.000000000000000
29,20336,622800.000000000000000,14175000.000000000000000,10996200.000000000000000,13500.000000000000000,5400.000000000000000,43578000.000000000000000,56700.000000000000000,800100.000000000000000
30,20337,513000.000000000000000,58552200.000000000000000,29523600.000000000000000,2002500.000000000000000,3644100.000000000000000,106148700.000000000000000,1224000.000000000000000,7341300.000000000000000
31,20338,0.000000000000000,1069200.000000000000000,696600.000000000000000,173700.000000000000000,422100.000000000000000,6120000.000000000000000,90000.000000000000000,369000.000000000000000
32,20348,0.000000000000000,2812500.000000000000000,31500.000000000000000,18900.000000000000000,90900.000000000000000,3600.000000000000000,9000.000000000000000,0.000000000000000
33,20379,49500.000000000000000,53920800.000000000000000,928800.000000000000000,1407600.000000000000000,4683600.000000000000000,2191500.000000000000000,34200.000000000000000,0.000000000000000
34,20380,0.000000000000000,14272200.000000000000000,4075200.000000000000000,2718900.000000000000000,2028600.000000000000000,1353600.000000000000000,18900.000000000000000,0.000000000000000
35,20381,0.000000000000000,0.000000000000000,1818000.000000000000000,0.000000000000000,0.000000000000000,0.000000000000000,0.000000000000000,0.000000000000000
36,20384,0.000000000000000,0.000000000000000,11427300.000000000000000,0.000000000000000,0.000000000000000,475200.000000000000000,0.000000000000000,0.000000000000000
37,20416,0.000000000000000,1881000.000000000000000,0.000000000000000,0.000000000000000,0.000000000000000,0.000000000000000,0.000000000000000,0.000000000000000
38,20418,0.000000000000000,1630800.000000000000000,0.000000000000000,0.000000000000000,0.000000000000000,0.000000000000000,0.000000000000000,0.000000000000000
39,20422,102600.000000000000000,78243300.000000000000000,602100.000000000000000,0.000000000000000,0.000000000000000,0.000000000000000,0.000000000000000,0.000000000000000
40,20433,0.000000000000000,24005700.000000000000000,91800.000000000000000,0.000000000000000,0.000000000000000,0.000000000000000,332100.000000000000000,0.000000000000000
41,20453,10516500.000000000000000,24032700.000000000000000,807300.000000000000000,333900.000000000000000,15300.000000000000000,382500.000000000000000,12600.000000000000000,9000.000000000000000
42,20460,0.000000000000000,0.000000000000000,1948500.000000000000000,0.000000000000000,0.000000000000000,0.000000000000000,0.000000000000000,0.000000000000000
43,20461,0.000000000000000,1222200.000000000000000,0.000000000000000,0.000000000000000,261000.000000000000000,21600.000000000000000,0.000000000000000,0.000000000000000
44,20462,0.000000000000000,19711800.000000000000000,4257000.000000000000000,11700.000000000000000,449100.000000000000000,628200.000000000000000,16200.000000000000000,426600.000000000000000
45,20470,5670000.000000000000000,43487100.000000000000000,43136100.000000000000000,3600.000000000000000,0.000000000000000,105549300.000000000000000,3600.000000000000000,0.000000000000000
46,20471,0.000000000000000,0.000000000000000,18338400.000000000000000,0.000000000000000,0.000000000000000,0.000000000000000,0.000000000000000,0.000000000000000
47,20476,0.000000000000000,3549600.000000000000000,37602900.000000000000000,13500.000000000000000,0.000000000000000,3948300.000000000000000,0.000000000000000,0.000000000000000
48,20477,0.000000000000000,1972800.000000000000000,3836700.000000000000000,0.000000000000000,0.000000000000000,505800.000000000000000,0.000000000000000,0.000000000000000
49,20478,0.000000000000000,134100.000000000000000,82800.000000000000000,0.000000000000000,0.000000000000000,1227600.000000000000000,0.000000000000000,0.000000000000000
50,20485,10745100.000000000000000,2658600.000000000000000,0.000000000000000,68400.000000000000000,0.000000000000000,180000.000000000000000,0.000000000000000,0.000000000000000
51,20486,49509900.000000000000000,6521400.000000000000000,742500.000000000000000,974700.000000000000000,0.000000000000000,16844400.000000000000000,260100.000000000000000,0.000000000000000
52,20487,0.000000000000000,866700.000000000000000,0.000000000000000,0.000000000000000,0.000000000000000,0.000000000000000,0.000000000000000,3261600.000000000000000
53,20490,10994400.000000000000000,6192000.000000000000000,297900.000000000000000,64800.000000000000000,0.000000000000000,351000.000000000000000,0.000000000000000,0.000000000000000
54,20491,6238800.000000000000000,529200.000000000000000,46800.000000000000000,227700.000000000000000,0.000000000000000,0.000000000000000,18900.000000000000000,0.000000000000000
55,20492,1016100.000000000000000,73800.000000000000000,22500.000000000000000,144000.000000000000000,0.000000000000000,0.000000000000000,0.000000000000000,0.000000000000000
56,20493,1898100.000000000000000,167400.000000000000000,900.000000000000000,0.000000000000000,0.000000000000000,0.000000000000000,0.000000000000000,0.000000000000000
57,20499,6139800.000000000000000,501300.000000000000000,0.000000000000000,5400.000000000000000,0.000000000000000,0.000000000000000,0.000000000000000,0.000000000000000
58,20500,2781000.000000000000000,256500.000000000000000,942300.000000000000000,0.000000000000000,0.000000000000000,2189700.000000000000000,0.000000000000000,0.000000000000000
59,20503,83612700.000000000000000,1098900.000000000000000,150300.000000000000000,9900.000000000000000,900.000000000000000,1384200.000000000000000,0.000000000000000,0.000000000000000
60,20504,1287000.000000000000000,1800.000000000000000,900.000000000000000,0.000000000000000,0.000000000000000,0.000000000000000,0.000000000000000,0.000000000000000
61,20508,15611400.000000000000000,367200.000000000000000,43200.000000000000000,43200.000000000000000,11700.000000000000000,1041300.000000000000000,41400.000000000000000,0.000000000000000
62,20509,5796000.000000000000000,768600.000000000000000,2980800.000000000000000,185400.000000000000000,0.000000000000000,2954700.000000000000000,900.000000000000000,0.000000000000000
63,20511,16814700.000000000000000,43450200.000000000000000,1285200.000000000000000,469800.000000000000000,0.000000000000000,2047500.000000000000000,1800.000000000000000,0.000000000000000
64,20512,40583700.000000000000000,26664300.000000000000000,3713400.000000000000000,714600.000000000000000,0.000000000000000,76514400.000000000000000,2700.000000000000000,0.000000000000000
65,20513,116100.000000000000000,3261600.000000000000000,886500.000000000000000,83700.000000000000000,0.000000000000000,999900.000000000000000,0.000000000000000,0.000000000000000
66,20514,64534500.000000000000000,7303500.000000000000000,1287000.000000000000000,3392100.000000000000000,0.000000000000000,13500.000000000000000,3600.000000000000000,0.000000000000000
67,20515,0.000000000000000,518400.000000000000000,3482100.000000000000000,91800.000000000000000,0.000000000000000,2059200.000000000000000,0.000000000000000,0.000000000000000
68,20516,0.000000000000000,2442600.000000000000000,1094400.000000000000000,76500.000000000000000,0.000000000000000,1580400.000000000000000,0.000000000000000,0.000000000000000
69,20523,1480500.000000000000000,595800.000000000000000,92700.000000000000000,0.000000000000000,0.000000000000000,301500.000000000000000,0.000000000000000,0.000000000000000
70,20524,44987400.000000000000000,1344600.000000000000000,245700.000000000000000,84600.000000000000000,0.000000000000000,3344400.000000000000000,54900.000000000000000,0.000000000000000
71,20529,43062300.000000000000000,8734500.000000000000000,1668600.000000000000000,333900.000000000000000,0.000000000000000,216900.000000000000000,20700.000000000000000,0.000000000000000
72,20534,5400.000000000000000,3244500.000000000000000,87300.000000000000000,127800.000000000000000,0.000000000000000,0.000000000000000,0.000000000000000,0.000000000000000
73,20540,15377400.000000000000000,1740600.000000000000000,0.000000000000000,130500.000000000000000,0.000000000000000,316800.000000000000000,0.000000000000000,0.000000000000000
74,20542,1538100.000000000000000,189900.000000000000000,0.000000000000000,3600.000000000000000,0.000000000000000,71100.000000000000000,0.000000000000000,0.000000000000000
75,20546,0.000000000000000,51075000.000000000000000,1229400.000000000000000,248400.000000000000000,127800.000000000000000,21788100.000000000000000,52200.000000000000000,0.000000000000000
76,20549,13390200.000000000000000,879136200.000000000000000,57819600.000000000000000,11214900.000000000000000,10448100.000000000000000,139039200.000000000000000,1949400.000000000000000,27414900.000000000000000
77,20551,29752200.000000000000000,6349500.000000000000000,900.000000000000000,139500.000000000000000,0.000000000000000,701100.000000000000000,900.000000000000000,0.000000000000000
78,20557,5299200.000000000000000,1142100.000000000000000,16200.000000000000000,6300.000000000000000,0.000000000000000,0.000000000000000,0.000000000000000,0.000000000000000
79,20561,198298800.000000000000000,51423300.000000000000000,963900.000000000000000,3473100.000000000000000,0.000000000000000,3684600.000000000000000,284400.000000000000000,0.000000000000000
80,20573,0.000000000000000,3384900.000000000000000,0.000000000000000,0.000000000000000,0.000000000000000,125100.000000000000000,0.000000000000000,0.000000000000000
81,20577,5683500.000000000000000,299700.000000000000000,0.000000000000000,22500.000000000000000,3600.000000000000000,89100.000000000000000,0.000000000000000,0.000000000000000
82,20578,0.000000000000000,984600.000000000000000,288900.000000000000000,35100.000000000000000,2700.000000000000000,0.000000000000000,0.000000000000000,554400.000000000000000
83,20581,0.000000000000000,2635200.000000000000000,12600.000000000000000,0.000000000000000,13500.000000000000000,46800.000000000000000,0.000000000000000,0.000000000000000
84,20597,28800.000000000000000,1459800.000000000000000,50400.000000000000000,0.000000000000000,9000.000000000000000,0.000000000000000,0.000000000000000,0.000000000000000
85,20598,1544400.000000000000000,4479300.000000000000000,14400.000000000000000,0.000000000000000,0.000000000000000,0.000000000000000,0.000000000000000,0.000000000000000
86,20600,87581700.000000000000000,33540300.000000000000000,3582900.000000000000000,0.000000000000000,0.000000000000000,69300.000000000000000,0.000000000000000,257400.000000000000000
87,20602,63972000.000000000000000,114436800.000000000000000,6405300.000000000000000,27900.000000000000000,0.000000000000000,5400.000000000000000,91800.000000000000000,0.000000000000000
88,20603,531000.000000000000000,11304000.000000000000000,6104700.000000000000000,231300.000000000000000,0.000000000000000,0.000000000000000,1800.000000000000000,0.000000000000000
89,20608,483300.000000000000000,783900.000000000000000,0.000000000000000,0.000000000000000,0.000000000000000,0.000000000000000,0.000000000000000,0.000000000000000
90,20617,13500.000000000000000,1672200.000000000000000,869400.000000000000000,0.000000000000000,40500.000000000000000,0.000000000000000,0.000000000000000,46800.000000000000000
91,20620,33300.000000000000000,1510200.000000000000000,0.000000000000000,0.000000000000000,0.000000000000000,51300.000000000000000,0.000000000000000,0.000000000000000
92,20621,1631700.000000000000000,6990300.000000000000000,503100.000000000000000,122400.000000000000000,0.000000000000000,30600.000000000000000,0.000000000000000,0.000000000000000
93,20625,0.000000000000000,482400.000000000000000,25308900.000000000000000,498600.000000000000000,483300.000000000000000,7110000.000000000000000,92700.000000000000000,95400.000000000000000
94,20626,10230300.000000000000000,959400.000000000000000,72000.000000000000000,1800.000000000000000,9900.000000000000000,4879800.000000000000000,15300.000000000000000,80100.000000000000000
95,20627,0.000000000000000,1842300.000000000000000,415800.000000000000000,11700.000000000000000,511200.000000000000000,21524400.000000000000000,45000.000000000000000,45000.000000000000000
96,20637,1260900.000000000000000,21600.000000000000000,0.000000000000000,0.000000000000000,0.000000000000000,0.000000000000000,0.000000000000000,0.000000000000000
97,20643,0.000000000000000,1114200.000000000000000,5553900.000000000000000,17100.000000000000000,10800.000000000000000,590400.000000000000000,1800.000000000000000,77400.000000000000000
98,20652,295846200.000000000000000,59846400.000000000000000,1593900.000000000000000,2270700.000000000000000,90000.000000000000000,10230300.000000000000000,177300.000000000000000,0.000000000000000
99,20654,0.000000000000000,1247400.000000000000000,33300.000000000000000,0.000000000000000,23400.000000000000000,38700.000000000000000,0.000000000000000,19800.000000000000000
100,20656,0.000000000000000,0.000000000000000,4243500.000000000000000,0.000000000000000,0.000000000000000,897300.000000000000000,0.000000000000000,0.000000000000000
101,20663,0.000000000000000,1149300.000000000000000,11093400.000000000000000,0.000000000000000,3030300.000000000000000,49231800.000000000000000,63000.000000000000000,751500.000000000000000
102,20671,32757300.000000000000000,999000.000000000000000,765900.000000000000000,31500.000000000000000,0.000000000000000,145800.000000000000000,0.000000000000000,0.000000000000000
103,20704,0.000000000000000,25585200.000000000000000,258300.000000000000000,573300.000000000000000,1598400.000000000000000,507600.000000000000000,0.000000000000000,0.000000000000000
104,20705,19957500.000000000000000,10497600.000000000000000,464400.000000000000000,204300.000000000000000,0.000000000000000,5400.000000000000000,23400.000000000000000,0.000000000000000
105,20706,27571500.000000000000000,626400.000000000000000,97200.000000000000000,269100.000000000000000,0.000000000000000,1987200.000000000000000,64800.000000000000000,0.000000000000000
106,20707,27323100.000000000000000,15141600.000000000000000,18704700.000000000000000,720000.000000000000000,958500.000000000000000,79402500.000000000000000,208800.000000000000000,5347800.000000000000000
107,20708,105480900.000000000000000,9261900.000000000000000,198900.000000000000000,80100.000000000000000,9900.000000000000000,6003000.000000000000000,17100.000000000000000,0.000000000000000
108,20709,1708200.000000000000000,262800.000000000000000,0.000000000000000,4500.000000000000000,0.000000000000000,0.000000000000000,18900.000000000000000,0.000000000000000
109,20712,0.000000000000000,2374200.000000000000000,373500.000000000000000,0.000000000000000,0.000000000000000,104400.000000000000000,0.000000000000000,0.000000000000000